```csv
order_id,customer_id,product_id,quantity,unit_price_eur,ordered_at,total_eur,order_year,order_month
1,65,5,5,456.82,2024-09-20,2284.10,2024,9
2,64,57,4,403.58,2024-09-18,1614.32,2024,9
3,231,69,5,48.08,2024-04-19,240.40,2024,4
4,31,47,2,206.57,2024-10-05,413.14,2024,10
5,41,57,1,403.58,2024-08-02,403.58,2024,8
6,33,5,4,456.82,2024-03-31,1827.28,2024,3
7,61,22,4,315.56,2024-03-30,1262.24,2024,3
8,8,16,4,109.64,2024-01-10,438.56,2024,1
9,172,37,1,480.72,2024-02-22,480.72,2024,2
10,471,35,3,231.13,2024-08-22,693.39,2024,8
11,8,88,2,215.51,2024-05-24,431.02,2024,5
12,224,31,4,119.81,2024-01-29,479.24,2024,1
13,127,58,1,112.52,2024-05-18,112.52,2024,5
14,255,93,2,423.47,2024-08-12,846.94,2024,8
15,410,79,4,146.97,2024-08-14,587.88,2024,8
16,41,3,5,155.17,2024-04-21,775.85,2024,4
17,437,89,2,452.72,2024-11-15,905.44,2024,11
18,469,24,4,465.56,2024-07-13,1862.24,2024,7
19,360,61,3,63.42,2024-01-03,190.26,2024,1
20,8,88,3,215.51,2024-09-15,646.53,2024,9
21,322,27,1,199.27,2024-01-27,199.27,2024,1
22,463,82,4,378.23,2024-06-02,1512.92,2024,6
23,26,30,1,233.41,2024-05-24,233.41,2024,5
24,78,49,5,133.09,2024-03-08,665.45,2024,3
25,119,74,4,127.75,2024-12-06,511.00,2024,12
26,352,60,5,495.06,2024-03-22,2475.30,2024,3
27,133,48,5,128.43,2024-11-21,642.15,2024,11
28,317,33,2,85.05,2024-02-21,170.10,2024,2
29,446,89,5,452.72,2024-06-12,2263.60,2024,6
30,330,45,4,250.18,2024-11-20,1000.72,2024,11
31,409,12,3,106.87,2024-11-16,320.61,2024,11
32,122,36,1,46.64,2024-01-03,46.64,2024,1
33,49,12,2,106.87,2024-04-06,213.74,2024,4
34,159,65,3,268.06,2024-03-08,804.18,2024,3
35,212,64,4,152.94,2024-07-13,611.76,2024,7
36,405,73,1,314.11,2024-07-23,314.11,2024,7
37,31,62,2,169.9,2024-10-14,339.80,2024,10
38,133,80,5,208.83,2024-09-15,1044.15,2024,9
39,270,8,3,170.92,2024-03-17,512.76,2024,3
40,440,7,1,114.17,2024-12-06,114.17,2024,12
41,155,98,4,408.32,2024-08-19,1633.28,2024,8
42,483,12,2,106.87,2024-06-08,213.74,2024,6
43,124,96,5,180.87,2024-12-15,904.35,2024,12
44,296,21,1,375.43,2024-11-11,375.43,2024,11
45,300,18,3,391.67,2024-04-09,1175.01,2024,4
46,486,90,3,40.81,2024-12-02,122.43,2024,12
47,126,79,1,146.97,2024-03-19,146.97,2024,3
48,91,61,3,63.42,2024-03-11,190.26,2024,3
49,59,7,2,114.17,2024-06-21,228.34,2024,6
50,153,60,3,495.06,2024-10-06,1485.18,2024,10
51,17,1,4,494.35,2024-12-30,1977.40,2024,12
52,384,15,5,383.68,2024-12-29,1918.40,2024,12
53,351,7,1,114.17,2024-03-03,114.17,2024,3
54,470,21,3,375.43,2024-11-19,1126.29,2024,11
55,93,53,5,474.16,2024-03-10,2370.80,2024,3
56,7,26,2,243.71,2024-03-28,487.42,2024,3
57,190,57,2,403.58,2024-09-24,807.16,2024,9
58,182,69,3,48.08,2024-09-24,144.24,2024,9
59,70,74,1,127.75,2024-02-18,127.75,2024,2
60,313,8,4,170.92,2024-02-17,683.68,2024,2
61,40,46,5,397.38,2024-08-31,1986.90,2024,8
62,144,62,5,169.9,2024-09-09,849.50,2024,9
63,166,81,3,437.82,2024-05-17,1313.46,2024,5
64,485,28,3,342.42,2024-08-14,1027.26,2024,8
65,110,34,4,207.18,2024-08-27,828.72,2024,8
66,296,35,2,231.13,2024-01-19,462.26,2024,1
67,447,13,5,260.34,2024-08-31,1301.70,2024,8
68,48,95,5,411.77,2024-09-05,2058.85,2024,9
69,453,28,5,342.42,2024-06-06,1712.10,2024,6
70,402,6,2,432.98,2024-05-10,865.96,2024,5
71,426,80,1,208.83,2024-10-24,208.83,2024,10
72,431,88,4,215.51,2024-08-28,862.04,2024,8
73,483,82,5,378.23,2024-08-27,1891.15,2024,8
74,209,11,3,162.53,2024-06-06,487.59,2024,6
75,248,96,2,180.87,2024-11-17,361.74,2024,11
76,311,93,3,423.47,2024-10-26,1270.41,2024,10
77,229,25,5,404.89,2024-11-16,2024.45,2024,11
78,7,84,4,170.79,2024-07-08,683.16,2024,7
79,40,29,1,337.3,2024-09-30,337.30,2024,9
80,435,6,2,432.98,2024-02-29,865.96,2024,2
81,241,63,2,93.84,2024-01-11,187.68,2024,1
82,374,63,2,93.84,2024-04-22,187.68,2024,4
83,4,35,4,231.13,2024-07-25,924.52,2024,7
84,212,57,2,403.58,2024-01-26,807.16,2024,1
85,325,73,3,314.11,2024-08-31,942.33,2024,8
86,463,86,2,493.98,2024-09-18,987.96,2024,9
87,26,16,4,109.64,2024-01-17,438.56,2024,1
88,162,27,3,199.27,2024-02-22,597.81,2024,2
89,155,21,2,375.43,2024-08-10,750.86,2024,8
90,418,8,4,170.92,2024-04-10,683.68,2024,4
91,360,6,5,432.98,2024-08-19,2164.90,2024,8
92,231,53,3,474.16,2024-07-04,1422.48,2024,7
93,181,9,2,270.25,2024-04-19,540.50,2024,4
94,11,42,2,220.34,2024-02-28,440.68,2024,2
95,151,87,1,282.68,2024-09-08,282.68,2024,9
96,368,100,5,51.01,2024-10-14,255.05,2024,10
97,436,5,5,456.82,2024-03-22,2284.10,2024,3
98,179,93,2,423.47,2024-11-17,846.94,2024,11
99,93,12,4,106.87,2024-01-09,427.48,2024,1
100,441,43,1,415.6,2024-05-26,415.60,2024,5
101,411,19,4,70.41,2024-05-04,281.64,2024,5
102,59,93,3,423.47,2024-09-23,1270.41,2024,9
103,437,11,2,162.53,2024-02-25,325.06,2024,2
104,26,97,1,147.62,2024-05-25,147.62,2024,5
105,430,22,5,315.56,2024-10-04,1577.80,2024,10
106,172,18,1,391.67,2024-06-09,391.67,2024,6
107,155,6,3,432.98,2024-03-22,1298.94,2024,3
108,157,55,4,291.13,2024-01-31,1164.52,2024,1
109,434,92,2,250.0,2024-02-07,500.00,2024,2
110,467,32,3,410.42,2024-05-20,1231.26,2024,5
111,75,55,1,291.13,2024-12-25,291.13,2024,12
112,58,85,1,112.29,2024-07-06,112.29,2024,7
113,208,92,3,250.0,2024-05-01,750.00,2024,5
114,415,89,4,452.72,2024-10-02,1810.88,2024,10
115,241,41,4,462.36,2024-12-08,1849.44,2024,12
116,21,12,1,106.87,2024-01-19,106.87,2024,1
117,35,90,3,40.81,2024-01-22,122.43,2024,1
118,87,47,1,206.57,2024-02-10,206.57,2024,2
119,358,18,1,391.67,2024-07-03,391.67,2024,7
120,384,72,3,321.77,2024-12-05,965.31,2024,12
121,276,76,4,253.57,2024-12-13,1014.28,2024,12
122,384,8,2,170.92,2024-01-23,341.84,2024,1
123,72,75,2,57.49,2024-06-14,114.98,2024,6
124,418,69,1,48.08,2024-12-29,48.08,2024,12
125,269,43,4,415.6,2024-12-07,1662.40,2024,12
126,126,88,3,215.51,2024-09-01,646.53,2024,9
127,439,58,3,112.52,2024-12-25,337.56,2024,12
128,250,58,3,112.52,2024-04-02,337.56,2024,4
129,112,47,3,206.57,2024-12-11,619.71,2024,12
130,246,12,3,106.87,2024-01-06,320.61,2024,1
131,1,42,4,220.34,2024-02-26,881.36,2024,2
132,454,72,4,321.77,2024-06-09,1287.08,2024,6
133,61,50,3,267.96,2024-11-26,803.88,2024,11
134,350,64,1,152.94,2024-04-08,152.94,2024,4
135,119,1,3,494.35,2024-08-10,1483.05,2024,8
136,33,62,4,169.9,2024-12-08,679.60,2024,12
137,179,45,3,250.18,2024-05-10,750.54,2024,5
138,1,25,2,404.89,2024-03-07,809.78,2024,3
139,432,6,5,432.98,2024-02-26,2164.90,2024,2
140,359,54,3,117.77,2024-09-09,353.31,2024,9
141,363,91,4,5.29,2024-04-05,21.16,2024,4
142,360,8,4,170.92,2024-07-24,683.68,2024,7
143,35,28,4,342.42,2024-07-13,1369.68,2024,7
144,460,62,4,169.9,2024-10-28,679.60,2024,10
145,409,62,4,169.9,2024-07-24,679.60,2024,7
146,154,57,4,403.58,2024-11-22,1614.32,2024,11
147,333,2,2,248.4,2024-05-28,496.80,2024,5
148,78,20,3,23.5,2024-03-21,70.50,2024,3
149,401,62,4,169.9,2024-01-08,679.60,2024,1
150,258,32,5,410.42,2024-05-20,2052.10,2024,5
151,252,64,1,152.94,2024-12-12,152.94,2024,12
152,41,79,4,146.97,2024-01-04,587.88,2024,1
153,407,72,5,321.77,2024-11-24,1608.85,2024,11
154,498,71,5,131.74,2024-08-02,658.70,2024,8
155,194,97,3,147.62,2024-03-01,442.86,2024,3
156,31,53,3,474.16,2024-01-15,1422.48,2024,1
157,333,56,4,499.44,2024-02-22,1997.76,2024,2
158,144,67,5,315.24,2024-04-06,1576.20,2024,4
159,179,2,2,248.4,2024-10-10,496.80,2024,10
160,454,98,2,408.32,2024-02-25,816.64,2024,2
161,120,12,3,106.87,2024-03-07,320.61,2024,3
162,105,52,2,316.79,2024-12-22,633.58,2024,12
163,268,33,4,85.05,2024-06-28,340.20,2024,6
164,298,52,2,316.79,2024-09-01,633.58,2024,9
165,393,98,1,408.32,2024-03-07,408.32,2024,3
166,475,88,2,215.51,2024-05-21,431.02,2024,5
167,483,87,1,282.68,2024-05-19,282.68,2024,5
168,445,93,2,423.47,2024-04-18,846.94,2024,4
169,49,94,2,256.37,2024-05-10,512.74,2024,5
170,171,19,1,70.41,2024-02-04,70.41,2024,2
171,469,48,2,128.43,2024-03-08,256.86,2024,3
172,230,99,5,67.73,2024-04-07,338.65,2024,4
173,423,56,3,499.44,2024-11-21,1498.32,2024,11
174,330,8,1,170.92,2024-05-01,170.92,2024,5
175,27,93,3,423.47,2024-06-08,1270.41,2024,6
176,26,100,4,51.01,2024-03-11,204.04,2024,3
177,490,56,2,499.44,2024-10-19,998.88,2024,10
178,91,34,2,207.18,2024-09-14,414.36,2024,9
179,386,90,1,40.81,2024-11-04,40.81,2024,11
180,83,30,5,233.41,2024-09-09,1167.05,2024,9
181,374,42,5,220.34,2024-04-22,1101.70,2024,4
182,486,15,3,383.68,2024-12-26,1151.04,2024,12
183,345,30,2,233.41,2024-10-28,466.82,2024,10
184,243,70,4,142.29,2024-01-31,569.16,2024,1
185,213,14,4,95.41,2024-02-26,381.64,2024,2
186,124,11,5,162.53,2024-04-11,812.65,2024,4
187,127,12,2,106.87,2024-01-17,213.74,2024,1
188,177,87,2,282.68,2024-07-18,565.36,2024,7
189,392,9,4,270.25,2024-05-04,1081.00,2024,5
190,453,96,5,180.87,2024-12-12,904.35,2024,12
191,430,17,2,458.11,2024-09-14,916.22,2024,9
192,157,37,3,480.72,2024-07-23,1442.16,2024,7
193,190,18,5,391.67,2024-03-21,1958.35,2024,3
194,302,68,5,161.95,2024-11-14,809.75,2024,11
195,120,83,3,272.59,2024-12-18,817.77,2024,12
196,214,79,4,146.97,2024-07-20,587.88,2024,7
197,76,94,4,256.37,2024-07-15,1025.48,2024,7
198,360,50,4,267.96,2024-01-28,1071.84,2024,1
199,362,34,3,207.18,2024-05-28,621.54,2024,5
200,434,23,3,309.87,2024-05-21,929.61,2024,5
```