```csv
order_id,customer_id,product_id,quantity,unit_price_eur,ordered_at,total_eur,order_year,order_month
1,65,5,5,456.82,2024-09-20,2284.1,2024,9
2,277,65,4,268.06,2024-10-11,1072.24,2024,10
3,64,57,4,403.58,2024-09-18,1614.32,2024,9
4,231,69,5,48.08,2024-04-19,240.4,2024,4
5,254,77,1,437.92,2024-12-11,437.92,2024,12
6,31,47,2,206.57,2024-10-05,413.14,2024,10
7,41,57,1,403.58,2024-08-02,403.58,2024,8
8,228,70,5,142.29,2024-04-27,711.45,2024,4
9,285,10,4,6.53,2024-07-03,26.12,2024,7
10,375,87,3,282.68,2024-05-19,848.04,2024,5
11,39,39,2,399.88,2024-11-26,799.76,2024,11
12,33,5,4,456.82,2024-03-31,1827.28,2024,3
13,132,25,4,404.89,2024-01-15,1619.56,2024,1
14,15,82,5,378.23,2024-05-12,1891.15,2024,5
15,61,22,4,315.56,2024-03-30,1262.24,2024,3
16,8,16,4,109.64,2024-01-10,438.56,2024,1
17,172,37,1,480.72,2024-02-22,480.72,2024,2
18,471,35,3,231.13,2024-08-22,693.39,2024,8
19,135,67,2,315.24,2024-04-05,630.48,2024,4
20,8,88,2,215.51,2024-05-24,431.02,2024,5
21,221,89,1,452.72,2024-06-07,452.72,2024,6
22,53,89,1,452.72,2024-09-04,452.72,2024,9
23,224,31,4,119.81,2024-01-29,479.24,2024,1
24,127,58,1,112.52,2024-05-18,112.52,2024,5
25,340,15,5,383.68,2024-05-25,1918.4,2024,5
26,372,61,4,63.42,2024-05-28,253.68,2024,5
27,255,93,2,423.47,2024-08-12,846.94,2024,8
28,394,11,2,162.53,2024-02-15,325.06,2024,2
29,353,51,1,117.56,2024-07-06,117.56,2024,7
30,215,28,5,342.42,2024-09-23,1712.1,2024,9
31,410,79,4,146.97,2024-08-14,587.88,2024,8
32,41,3,5,155.17,2024-04-21,775.85,2024,4
33,437,89,2,452.72,2024-11-15,905.44,2024,11
34,183,41,4,462.36,2024-10-29,1849.44,2024,10
35,469,24,4,465.56,2024-07-13,1862.24,2024,7
36,388,61,3,63.42,2024-07-06,190.26,2024,7
37,165,76,2,253.57,2024-11-18,507.14,2024,11
38,360,61,3,63.42,2024-01-03,190.26,2024,1
39,8,88,3,215.51,2024-09-15,646.53,2024,9
40,322,27,1,199.27,2024-01-27,199.27,2024,1
41,463,82,4,378.23,2024-06-02,1512.92,2024,6
42,293,93,2,423.47,2024-02-20,846.94,2024,2
43,26,30,1,233.41,2024-05-24,233.41,2024,5
44,78,49,5,133.09,2024-03-08,665.45,2024,3
45,396,14,5,95.41,2024-06-08,477.05,2024,6
46,433,35,1,231.13,2024-12-15,231.13,2024,12
47,119,74,4,127.75,2024-12-06,511.0,2024,12
48,416,4,5,98.29,2024-09-12,491.45,2024,9
49,352,60,5,495.06,2024-03-22,2475.3,2024,3
50,196,17,2,458.11,2024-01-14,916.22,2024,1
51,71,40,4,126.14,2024-06-20,504.56,2024,6
52,133,48,5,128.43,2024-11-21,642.15,2024,11
53,317,33,2,85.05,2024-02-21,170.1,2024,2
54,446,89,5,452.72,2024-06-12,2263.6,2024,6
55,330,45,4,250.18,2024-11-20,1000.72,2024,11
56,409,12,3,106.87,2024-11-16,320.61,2024,11
57,122,36,1,46.64,2024-01-03,46.64,2024,1
58,327,30,2,233.41,2024-01-06,466.82,2024,1
59,203,14,3,95.41,2024-05-20,286.23,2024,5
60,49,12,2,106.87,2024-04-06,213.74,2024,4
61,115,20,3,23.5,2024-05-04,70.5,2024,5
62,299,1,5,494.35,2024-11-07,2471.75,2024,11
63,338,65,5,268.06,2024-12-31,1340.3,2024,12
64,427,53,5,474.16,2024-06-22,2370.8,2024,6
65,159,65,3,268.06,2024-03-08,804.18,2024,3
66,212,64,4,152.94,2024-07-13,611.76,2024,7
67,405,73,1,314.11,2024-07-23,314.11,2024,7
68,217,60,1,495.06,2024-06-29,495.06,2024,6
69,31,62,2,169.9,2024-10-14,339.8,2024,10
70,334,75,5,57.49,2024-04-26,287.45,2024,4
71,133,80,5,208.83,2024-09-15,1044.15,2024,9
72,270,8,3,170.92,2024-03-17,512.76,2024,3
73,440,7,1,114.17,2024-12-06,114.17,2024,12
74,155,98,4,408.32,2024-08-19,1633.28,2024,8
75,443,59,5,459.75,2024-05-14,2298.75,2024,5
76,483,12,2,106.87,2024-06-08,213.74,2024,6
77,500,56,4,499.44,2024-07-15,1997.76,2024,7
78,124,96,5,180.87,2024-12-15,904.35,2024,12
79,296,21,1,375.43,2024-11-11,375.43,2024,11
80,217,31,3,119.81,2024-07-29,359.43,2024,7
81,148,39,5,399.88,2024-01-01,1999.4,2024,1
82,123,78,2,194.59,2024-09-07,389.18,2024,9
83,300,18,3,391.67,2024-04-09,1175.01,2024,4
84,486,90,3,40.81,2024-12-02,122.43,2024,12
85,170,84,3,170.79,2024-09-30,512.37,2024,9
86,442,66,1,290.43,2024-06-24,290.43,2024,6
87,201,60,5,495.06,2024-06-21,2475.3,2024,6
88,37,36,1,46.64,2024-08-26,46.64,2024,8
89,126,79,1,146.97,2024-03-19,146.97,2024,3
90,91,61,3,63.42,2024-03-11,190.26,2024,3
91,369,28,5,342.42,2024-06-18,1712.1,2024,6
92,59,7,2,114.17,2024-06-21,228.34,2024,6
93,312,18,5,391.67,2024-08-31,1958.35,2024,8
94,25,52,4,316.79,2024-09-19,1267.16,2024,9
95,153,60,3,495.06,2024-10-06,1485.18,2024,10
96,158,30,4,233.41,2024-12-26,933.64,2024,12
97,17,1,4,494.35,2024-12-30,1977.4,2024,12
98,384,15,5,383.68,2024-12-29,1918.4,2024,12
99,351,7,1,114.17,2024-03-03,114.17,2024,3
100,470,21,3,375.43,2024-11-19,1126.29,2024,11
101,93,53,5,474.16,2024-03-10,2370.8,2024,3
102,7,26,2,243.71,2024-03-28,487.42,2024,3
103,417,65,3,268.06,2024-09-21,804.18,2024,9
104,190,57,2,403.58,2024-09-24,807.16,2024,9
105,182,69,3,48.08,2024-09-24,144.24,2024,9
106,357,18,1,391.67,2024-07-04,391.67,2024,7
107,70,74,1,127.75,2024-02-18,127.75,2024,2
108,294,91,3,5.29,2024-05-02,15.87,2024,5
109,202,80,4,208.83,2024-06-15,835.32,2024,6
110,313,8,4,170.92,2024-02-17,683.68,2024,2
111,40,46,5,397.38,2024-08-31,1986.9,2024,8
112,144,62,5,169.9,2024-09-09,849.5,2024,9
113,346,56,2,499.44,2024-10-07,998.88,2024,10
114,332,21,2,375.43,2024-03-05,750.86,2024,3
115,413,82,1,378.23,2024-05-11,378.23,2024,5
116,166,81,3,437.82,2024-05-17,1313.46,2024,5
117,485,28,3,342.42,2024-08-14,1027.26,2024,8
118,110,34,4,207.18,2024-08-27,828.72,2024,8
119,296,35,2,231.13,2024-01-19,462.26,2024,1
120,447,13,5,260.34,2024-08-31,1301.7,2024,8
121,203,92,3,250.0,2024-02-10,750.0,2024,2
122,48,95,5,411.77,2024-09-05,2058.85,2024,9
123,453,28,5,342.42,2024-06-06,1712.1,2024,6
124,371,64,1,152.94,2024-09-18,152.94,2024,9
125,402,6,2,432.98,2024-05-10,865.96,2024,5
126,426,80,1,208.83,2024-10-24,208.83,2024,10
127,391,6,1,432.98,2024-01-15,432.98,2024,1
128,431,88,4,215.51,2024-08-28,862.04,2024,8
129,483,82,5,378.23,2024-08-27,1891.15,2024,8
130,209,11,3,162.53,2024-06-06,487.59,2024,6
131,327,6,3,432.98,2024-07-16,1298.94,2024,7
132,285,57,2,403.58,2024-12-23,807.16,2024,12
133,51,15,1,383.68,2024-11-24,383.68,2024,11
134,248,96,2,180.87,2024-11-17,361.74,2024,11
135,311,93,3,423.47,2024-10-26,1270.41,2024,10
136,185,52,4,316.79,2024-11-08,1267.16,2024,11
137,131,96,4,180.87,2024-05-24,723.48,2024,5
138,240,80,4,208.83,2024-02-07,835.32,2024,2
139,229,25,5,404.89,2024-11-16,2024.45,2024,11
140,7,84,4,170.79,2024-07-08,683.16,2024,7
141,40,29,1,337.3,2024-09-30,337.3,2024,9
142,482,57,3,403.58,2024-10-19,1210.74,2024,10
143,435,6,2,432.98,2024-02-29,865.96,2024,2
144,328,15,5,383.68,2024-01-16,1918.4,2024,1
145,241,63,2,93.84,2024-01-11,187.68,2024,1
146,57,54,3,117.77,2024-12-28,353.31,2024,12
147,281,80,2,208.83,2024-05-21,417.66,2024,5
148,306,59,3,459.75,2024-05-09,1379.25,2024,5
149,221,29,3,337.3,2024-12-25,1011.9,2024,12
150,354,47,1,206.57,2024-12-15,206.57,2024,12
151,341,77,1,437.92,2024-04-07,437.92,2024,4
152,374,63,2,93.84,2024-04-22,187.68,2024,4
153,4,35,4,231.13,2024-07-25,924.52,2024,7
154,212,57,2,403.58,2024-01-26,807.16,2024,1
155,325,73,3,314.11,2024-08-31,942.33,2024,8
156,458,77,5,437.92,2024-02-01,2189.6,2024,2
157,463,86,2,493.98,2024-09-18,987.96,2024,9
158,26,16,4,109.64,2024-01-17,438.56,2024,1
159,162,27,3,199.27,2024-02-22,597.81,2024,2
160,155,21,2,375.43,2024-08-10,750.86,2024,8
161,418,8,4,170.92,2024-04-10,683.68,2024,4
162,321,2,4,248.4,2024-10-29,993.6,2024,10
163,360,6,5,432.98,2024-08-19,2164.9,2024,8
164,231,53,3,474.16,2024-07-04,1422.48,2024,7
165,289,89,3,452.72,2024-02-17,1358.16,2024,2
166,181,9,2,270.25,2024-04-19,540.5,2024,4
167,11,42,2,220.34,2024-02-28,440.68,2024,2
168,116,68,1,161.95,2024-07-27,161.95,2024,7
169,151,87,1,282.68,2024-09-08,282.68,2024,9
170,368,100,5,51.01,2024-10-14,255.05,2024,10
171,349,46,2,397.38,2024-06-17,794.76,2024,6
172,436,5,5,456.82,2024-03-22,2284.1,2024,3
173,179,93,2,423.47,2024-11-17,846.94,2024,11
174,93,12,4,106.87,2024-01-09,427.48,2024,1
175,441,43,1,415.6,2024-05-26,415.6,2024,5
176,413,37,3,480.72,2024-02-28,1442.16,2024,2
177,373,10,4,6.53,2024-01-13,26.12,2024,1
178,236,28,2,342.42,2024-10-15,684.84,2024,10
179,411,19,4,70.41,2024-05-04,281.64,2024,5
180,59,93,3,423.47,2024-09-23,1270.41,2024,9
181,437,11,2,162.53,2024-02-25,325.06,2024,2
182,236,74,5,127.75,2024-05-24,638.75,2024,5
183,353,40,4,126.14,2024-02-10,504.56,2024,2
184,261,77,4,437.92,2024-11-17,1751.68,2024,11
185,220,97,2,147.62,2024-11-18,295.24,2024,11
186,26,97,1,147.62,2024-05-25,147.62,2024,5
187,430,22,5,315.56,2024-10-04,1577.8,2024,10
188,203,4,4,98.29,2024-04-07,393.16,2024,4
189,500,46,4,397.38,2024-03-07,1589.52,2024,3
190,388,69,1,48.08,2024-05-24,48.08,2024,5
191,172,18,1,391.67,2024-06-09,391.67,2024,6
192,155,6,3,432.98,2024-03-22,1298.94,2024,3
193,338,94,2,256.37,2024-05-07,512.74,2024,5
194,157,55,4,291.13,2024-01-31,1164.52,2024,1
195,434,92,2,250.0,2024-02-07,500.0,2024,2
196,467,32,3,410.42,2024-05-20,1231.26,2024,5
197,75,55,1,291.13,2024-12-25,291.13,2024,12
198,58,85,1,112.29,2024-07-06,112.29,2024,7
199,104,74,4,127.75,2024-05-09,511.0,2024,5
200,312,88,4,215.51,2024-12-04,862.04,2024,12
201,371,27,3,199.27,2024-11-22,597.81,2024,11
202,208,92,3,250.0,2024-05-01,750.0,2024,5
203,228,8,4,170.92,2024-10-23,683.68,2024,10
204,415,89,4,452.72,2024-10-02,1810.88,2024,10
205,241,41,4,462.36,2024-12-08,1849.44,2024,12
206,197,38,1,353.73,2024-03-01,353.73,2024,3
207,21,12,1,106.87,2024-01-19,106.87,2024,1
208,188,90,1,40.81,2024-07-05,40.81,2024,7
209,14,73,1,314.11,2024-08-29,314.11,2024,8
210,52,39,4,399.88,2024-09-12,1599.52,2024,9
211,443,97,1,147.62,2024-09-05,147.62,2024,9
212,35,90,3,40.81,2024-01-22,122.43,2024,1
213,338,4,2,98.29,2024-05-04,196.58,2024,5
214,87,47,1,206.57,2024-02-10,206.57,2024,2
215,176,42,1,220.34,2024-10-14,220.34,2024,10
216,77,50,3,267.96,2024-12-07,803.88,2024,12
217,358,18,1,391.67,2024-07-03,391.67,2024,7
218,384,72,3,321.77,2024-12-05,965.31,2024,12
219,276,76,4,253.57,2024-12-13,1014.28,2024,12
220,384,8,2,170.92,2024-01-23,341.84,2024,1
221,72,75,2,57.49,2024-06-14,114.98,2024,6
222,418,69,1,48.08,2024-12-29,48.08,2024,12
223,269,43,4,415.6,2024-12-07,1662.4,2024,12
224,100,85,5,112.29,2024-05-15,561.45,2024,5
225,126,88,3,215.51,2024-09-01,646.53,2024,9
226,344,98,4,408.32,2024-02-02,1633.28,2024,2
227,439,58,3,112.52,2024-12-25,337.56,2024,12
228,71,85,5,112.29,2024-07-23,561.45,2024,7
229,250,58,3,112.52,2024-04-02,337.56,2024,4
230,112,47,3,206.57,2024-12-11,619.71,2024,12
231,425,45,4,250.18,2024-09-12,1000.72,2024,9
232,114,82,1,378.23,2024-03-30,378.23,2024,3
233,476,38,1,353.73,2024-04-16,353.73,2024,4
234,235,87,4,282.68,2024-07-29,1130.72,2024,7
235,375,4,1,98.29,2024-03-28,98.29,2024,3
236,246,12,3,106.87,2024-01-06,320.61,2024,1
237,107,23,5,309.87,2024-07-02,1549.35,2024,7
238,137,39,3,399.88,2024-05-29,1199.64,2024,5
239,1,42,4,220.34,2024-02-26,881.36,2024,2
240,454,72,4,321.77,2024-06-09,1287.08,2024,6
241,61,50,3,267.96,2024-11-26,803.88,2024,11
242,350,64,1,152.94,2024-04-08,152.94,2024,4
243,119,1,3,494.35,2024-08-10,1483.05,2024,8
244,33,62,4,169.9,2024-12-08,679.6,2024,12
245,412,6,5,432.98,2024-02-27,2164.9,2024,2
246,422,92,3,250.0,2024-02-15,750.0,2024,2
247,375,47,5,206.57,2024-03-23,1032.85,2024,3
248,179,45,3,250.18,2024-05-10,750.54,2024,5
249,1,25,2,404.89,2024-03-07,809.78,2024,3
250,432,6,5,432.98,2024-02-26,2164.9,2024,2
251,359,54,3,117.77,2024-09-09,353.31,2024,9
252,115,77,4,437.92,2024-05-18,1751.68,2024,5
253,394,74,1,127.75,2024-02-26,127.75,2024,2
254,22,91,3,5.29,2024-12-15,15.87,2024,12
255,363,91,4,5.29,2024-04-05,21.16,2024,4
256,360,8,4,170.92,2024-07-24,683.68,2024,7
257,165,16,1,109.64,2024-07-08,109.64,2024,7
258,373,54,4,117.77,2024-08-15,471.08,2024,8
259,35,28,4,342.42,2024-07-13,1369.68,2024,7
260,121,17,5,458.11,2024-06-13,2290.55,2024,6
261,399,55,2,291.13,2024-12-17,582.26,2024,12
262,254,93,2,423.47,2024-10-23,846.94,2024,10
263,460,62,4,169.9,2024-10-28,679.6,2024,10
264,409,62,4,169.9,2024-07-24,679.6,2024,7
265,154,57,4,403.58,2024-11-22,1614.32,2024,11
266,333,2,2,248.4,2024-05-28,496.8,2024,5
267,78,20,3,23.5,2024-03-21,70.5,2024,3
268,403,40,2,126.14,2024-08-30,252.28,2024,8
269,158,2,3,248.4,2024-02-28,745.2,2024,2
270,401,62,4,169.9,2024-01-08,679.6,2024,1
271,147,92,5,250.0,2024-01-18,1250.0,2024,1
272,349,91,5,5.29,2024-07-24,26.45,2024,7
273,258,32,5,410.42,2024-05-20,2052.1,2024,5
274,150,18,5,391.67,2024-07-26,1958.35,2024,7
275,377,53,5,474.16,2024-02-18,2370.8,2024,2
276,206,96,5,180.87,2024-09-23,904.35,2024,9
277,443,14,1,95.41,2024-06-30,95.41,2024,6
278,257,68,5,161.95,2024-12-18,809.75,2024,12
279,369,15,4,383.68,2024-09-29,1534.72,2024,9
280,36,33,4,85.05,2024-02-16,340.2,2024,2
281,203,16,3,109.64,2024-06-20,328.92,2024,6
282,252,64,1,152.94,2024-12-12,152.94,2024,12
283,41,79,4,146.97,2024-01-04,587.88,2024,1
284,221,31,2,119.81,2024-09-04,239.62,2024,9
285,407,72,5,321.77,2024-11-24,1608.85,2024,11
286,498,71,5,131.74,2024-08-02,658.7,2024,8
287,194,97,3,147.62,2024-03-01,442.86,2024,3
288,173,45,5,250.18,2024-12-15,1250.9,2024,12
289,324,64,2,152.94,2024-10-24,305.88,2024,10
290,141,96,1,180.87,2024-12-21,180.87,2024,12
291,253,19,4,70.41,2024-10-12,281.64,2024,10
292,125,69,1,48.08,2024-07-04,48.08,2024,7
293,52,33,4,85.05,2024-01-02,340.2,2024,1
294,89,26,2,243.71,2024-08-26,487.42,2024,8
295,31,53,3,474.16,2024-01-15,1422.48,2024,1
296,14,44,3,12.36,2024-05-30,37.08,2024,5
297,333,56,4,499.44,2024-02-22,1997.76,2024,2
298,144,67,5,315.24,2024-04-06,1576.2,2024,4
299,179,2,2,248.4,2024-10-10,496.8,2024,10
300,454,98,2,408.32,2024-02-25,816.64,2024,2
301,120,12,3,106.87,2024-03-07,320.61,2024,3
302,105,52,2,316.79,2024-12-22,633.58,2024,12
303,261,92,3,250.0,2024-01-02,750.0,2024,1
304,268,33,4,85.05,2024-06-28,340.2,2024,6
305,298,52,2,316.79,2024-09-01,633.58,2024,9
306,393,98,1,408.32,2024-03-07,408.32,2024,3
307,100,37,2,480.72,2024-07-02,961.44,2024,7
308,475,88,2,215.51,2024-05-21,431.02,2024,5
309,63,64,5,152.94,2024-07-07,764.7,2024,7
310,329,15,5,383.68,2024-11-12,1918.4,2024,11
311,109,84,3,170.79,2024-07-01,512.37,2024,7
312,483,87,1,282.68,2024-05-19,282.68,2024,5
313,445,93,2,423.47,2024-04-18,846.94,2024,4
314,49,94,2,256.37,2024-05-10,512.74,2024,5
315,261,78,5,194.59,2024-08-22,972.95,2024,8
316,443,71,1,131.74,2024-10-23,131.74,2024,10
317,171,19,1,70.41,2024-02-04,70.41,2024,2
318,39,62,2,169.9,2024-07-10,339.8,2024,7
319,469,48,2,128.43,2024-03-08,256.86,2024,3
320,380,86,5,493.98,2024-09-06,2469.9,2024,9
321,230,99,5,67.73,2024-04-07,338.65,2024,4
322,423,56,3,499.44,2024-11-21,1498.32,2024,11
323,73,70,4,142.29,2024-06-09,569.16,2024,6
324,330,8,1,170.92,2024-05-01,170.92,2024,5
325,141,98,5,408.32,2024-01-31,2041.6,2024,1
326,27,93,3,423.47,2024-06-08,1270.41,2024,6
327,254,7,4,114.17,2024-08-28,456.68,2024,8
328,149,83,3,272.59,2024-05-18,817.77,2024,5
329,293,34,4,207.18,2024-11-19,828.72,2024,11
330,233,50,5,267.96,2024-10-31,1339.8,2024,10
331,178,26,1,243.71,2024-11-02,243.71,2024,11
332,26,100,4,51.01,2024-03-11,204.04,2024,3
333,490,56,2,499.44,2024-10-19,998.88,2024,10
334,91,34,2,207.18,2024-09-14,414.36,2024,9
335,74,51,1,117.56,2024-06-20,117.56,2024,6
336,386,90,1,40.81,2024-11-04,40.81,2024,11
337,83,30,5,233.41,2024-09-09,1167.05,2024,9
338,374,42,5,220.34,2024-04-22,1101.7,2024,4
339,486,15,3,383.68,2024-12-26,1151.04,2024,12
340,345,30,2,233.41,2024-10-28,466.82,2024,10
341,243,70,4,142.29,2024-01-31,569.16,2024,1
342,254,53,2,474.16,2024-07-24,948.32,2024,7
343,51,99,3,67.73,2024-02-02,203.19,2024,2
344,213,14,4,95.41,2024-02-26,381.64,2024,2
345,22,19,3,70.41,2024-07-21,211.23,2024,7
346,132,82,3,378.23,2024-08-27,1134.69,2024,8
347,124,11,5,162.53,2024-04-11,812.65,2024,4
348,127,12,2,106.87,2024-01-17,213.74,2024,1
349,177,87,2,282.68,2024-07-18,565.36,2024,7
350,392,9,4,270.25,2024-05-04,1081.0,2024,5
351,453,96,5,180.87,2024-12-12,904.35,2024,12
352,430,17,2,458.11,2024-09-14,916.22,2024,9
353,380,92,1,250.0,2024-12-01,250.0,2024,12
354,339,6,3,432.98,2024-03-27,1298.94,2024,3
355,5,52,2,316.79,2024-09-02,633.58,2024,9
356,157,37,3,480.72,2024-07-23,1442.16,2024,7
357,210,36,3,46.64,2024-03-08,139.92,2024,3
358,190,18,5,391.67,2024-03-21,1958.35,2024,3
359,205,26,4,243.71,2024-07-01,974.84,2024,7
360,302,68,5,161.95,2024-11-14,809.75,2024,11
361,308,70,4,142.29,2024-01-09,569.16,2024,1
362,443,32,5,410.42,2024-01-31,2052.1,2024,1
363,120,83,3,272.59,2024-12-18,817.77,2024,12
364,450,93,2,423.47,2024-01-17,846.94,2024,1
365,214,79,4,146.97,2024-07-20,587.88,2024,7
366,396,27,1,199.27,2024-06-01,199.27,2024,6
367,221,57,1,403.58,2024-10-08,403.58,2024,10
368,421,34,1,207.18,2024-10-20,207.18,2024,10
369,170,54,1,117.77,2024-04-22,117.77,2024,4
370,450,98,3,408.32,2024-03-24,1224.96,2024,3
371,76,94,4,256.37,2024-07-15,1025.48,2024,7
372,360,50,4,267.96,2024-01-28,1071.84,2024,1
373,95,10,3,6.53,2024-02-23,19.59,2024,2
374,273,53,1,474.16,2024-07-21,474.16,2024,7
375,362,34,3,207.18,2024-05-28,621.54,2024,5
376,434,23,3,309.87,2024-05-21,929.61,2024,5
377,78,78,3,194.59,2024-05-25,583.77,2024,5
378,1,85,3,112.29,2024-12-31,336.87,2024,12
379,205,77,2,437.92,2024-07-07,875.84,2024,7
380,200,35,3,231.13,2024-11-14,693.39,2024,11
381,295,68,3,161.95,2024-02-21,485.85,2024,2
382,223,96,3,180.87,2024-05-31,542.61,2024,5
383,387,26,5,243.71,2024-03-02,1218.55,2024,3
384,171,69,2,48.08,2024-05-12,96.16,2024,5
385,352,2,1,248.4,2024-05-22,248.4,2024,5
386,358,6,2,432.98,2024-01-10,865.96,2024,1
387,94,64,2,152.94,2024-06-26,305.88,2024,6
388,443,20,5,23.5,2024-11-02,117.5,2024,11
389,41,79,5,146.97,2024-04-12,734.85,2024,4
390,494,52,4,316.79,2024-10-05,1267.16,2024,10
391,252,78,1,194.59,2024-01-02,194.59,2024,1
392,225,73,2,314.11,2024-03-23,628.22,2024,3
393,477,52,2,316.79,2024-01-03,633.58,2024,1
394,16,5,3,456.82,2024-07-12,1370.46,2024,7
395,178,44,4,12.36,2024-11-26,49.44,2024,11
396,386,100,2,51.01,2024-08-03,102.02,2024,8
397,32,60,2,495.06,2024-03-07,990.12,2024,3
398,66,91,5,5.29,2024-07-22,26.45,2024,7
399,258,25,5,404.89,2024-01-01,2024.45,2024,1
400,220,16,5,109.64,2024-05-14,548.2,2024,5
401,75,3,2,155.17,2024-08-16,310.34,2024,8
402,131,10,1,6.53,2024-06-22,6.53,2024,6
403,468,75,5,57.49,2024-06-28,287.45,2024,6
404,54,70,3,142.29,2024-05-05,426.87,2024,5
405,102,86,1,493.98,2024-01-21,493.98,2024,1
406,316,76,3,253.57,2024-01-29,760.71,2024,1
407,164,83,5,272.59,2024-11-03,1362.95,2024,11
408,285,79,1,146.97,2024-08-10,146.97,2024,8
409,364,19,4,70.41,2024-04-20,281.64,2024,4
410,311,1,3,494.35,2024-08-04,1483.05,2024,8
411,445,33,5,85.05,2024-06-14,425.25,2024,6
412,217,30,2,233.41,2024-09-23,466.82,2024,9
413,117,93,2,423.47,2024-08-25,846.94,2024,8
414,253,10,3,6.53,2024-04-22,19.59,2024,4
415,484,39,4,399.88,2024-12-21,1599.52,2024,12
416,17,54,1,117.77,2024-05-01,117.77,2024,5
417,308,25,2,404.89,2024-03-10,809.78,2024,3
418,344,82,1,378.23,2024-06-08,378.23,2024,6
419,265,79,4,146.97,2024-09-10,587.88,2024,9
420,289,37,3,480.72,2024-06-24,1442.16,2024,6
421,243,17,3,458.11,2024-03-23,1374.33,2024,3
422,34,47,4,206.57,2024-04-03,826.28,2024,4
423,263,71,3,131.74,2024-05-27,395.22,2024,5
424,214,88,4,215.51,2024-12-31,862.04,2024,12
425,273,91,3,5.29,2024-04-23,15.87,2024,4
426,56,52,5,316.79,2024-01-13,1583.95,2024,1
427,255,75,1,57.49,2024-09-16,57.49,2024,9
428,17,86,2,493.98,2024-05-09,987.96,2024,5
429,438,73,5,314.11,2024-12-03,1570.55,2024,12
430,367,39,2,399.88,2024-02-28,799.76,2024,2
431,254,27,4,199.27,2024-04-06,797.08,2024,4
432,498,38,2,353.73,2024-07-02,707.46,2024,7
433,273,25,1,404.89,2024-10-30,404.89,2024,10
434,478,29,1,337.3,2024-06-04,337.3,2024,6
435,48,90,3,40.81,2024-04-30,122.43,2024,4
436,70,36,4,46.64,2024-10-31,186.56,2024,10
437,36,68,1,161.95,2024-09-09,161.95,2024,9
438,288,62,4,169.9,2024-07-08,679.6,2024,7
439,232,28,3,342.42,2024-04-04,1027.26,2024,4
440,204,60,3,495.06,2024-12-21,1485.18,2024,12
441,374,89,5,452.72,2024-08-15,2263.6,2024,8
442,289,93,2,423.47,2024-08-18,846.94,2024,8
443,383,95,5,411.77,2024-08-22,2058.85,2024,8
444,342,68,5,161.95,2024-10-31,809.75,2024,10
445,132,90,4,40.81,2024-08-26,163.24,2024,8
446,469,60,4,495.06,2024-12-29,1980.24,2024,12
447,5,87,4,282.68,2024-09-11,1130.72,2024,9
448,458,8,3,170.92,2024-01-11,512.76,2024,1
449,382,84,3,170.79,2024-02-01,512.37,2024,2
450,65,77,5,437.92,2024-08-29,2189.6,2024,8
451,127,83,3,272.59,2024-04-13,817.77,2024,4
452,139,17,2,458.11,2024-11-10,916.22,2024,11
453,416,59,3,459.75,2024-01-29,1379.25,2024,1
454,270,68,1,161.95,2024-09-22,161.95,2024,9
455,469,81,5,437.82,2024-05-07,2189.1,2024,5
456,412,73,1,314.11,2024-10-24,314.11,2024,10
457,225,61,3,63.42,2024-07-29,190.26,2024,7
458,442,68,3,161.95,2024-09-15,485.85,2024,9
459,152,9,2,270.25,2024-04-13,540.5,2024,4
460,387,15,5,383.68,2024-06-29,1918.4,2024,6
461,154,60,5,495.06,2024-09-23,2475.3,2024,9
462,449,56,5,499.44,2024-04-10,2497.2,2024,4
463,284,48,4,128.43,2024-11-08,513.72,2024,11
464,49,29,4,337.3,2024-09-07,1349.2,2024,9
465,405,10,3,6.53,2024-06-27,19.59,2024,6
466,273,26,3,243.71,2024-05-09,731.13,2024,5
467,402,8,3,170.92,2024-02-08,512.76,2024,2
468,131,17,2,458.11,2024-05-25,916.22,2024,5
469,383,32,1,410.42,2024-07-20,410.42,2024,7
470,94,82,4,378.23,2024-08-17,1512.92,2024,8
471,26,62,1,169.9,2024-01-24,169.9,2024,1
472,377,84,2,170.79,2024-05-09,341.58,2024,5
473,157,26,2,243.71,2024-01-16,487.42,2024,1
474,421,46,2,397.38,2024-01-11,794.76,2024,1
475,104,96,1,180.87,2024-09-03,180.87,2024,9
476,24,38,3,353.73,2024-01-17,1061.19,2024,1
477,181,56,5,499.44,2024-10-21,2497.2,2024,10
478,460,73,5,314.11,2024-03-15,1570.55,2024,3
479,201,94,3,256.37,2024-06-17,769.11,2024,6
480,59,9,3,270.25,2024-11-04,810.75,2024,11
481,154,82,2,378.23,2024-05-12,756.46,2024,5
482,219,23,4,309.87,2024-09-13,1239.48,2024,9
483,310,41,5,462.36,2024-02-07,2311.8,2024,2
484,455,72,2,321.77,2024-05-31,643.54,2024,5
485,433,50,5,267.96,2024-02-27,1339.8,2024,2
486,481,96,1,180.87,2024-07-24,180.87,2024,7
487,254,90,2,40.81,2024-10-20,81.62,2024,10
488,466,98,4,408.32,2024-07-29,1633.28,2024,7
489,333,72,4,321.77,2024-01-20,1287.08,2024,1
490,242,38,4,353.73,2024-05-18,1414.92,2024,5
491,351,4,1,98.29,2024-11-28,98.29,2024,11
492,454,78,4,194.59,2024-01-15,778.36,2024,1
493,202,69,1,48.08,2024-03-17,48.08,2024,3
494,106,94,1,256.37,2024-09-25,256.37,2024,9
495,20,13,5,260.34,2024-11-08,1301.7,2024,11
496,10,55,3,291.13,2024-10-03,873.39,2024,10
497,496,36,5,46.64,2024-06-14,233.2,2024,6
498,276,20,1,23.5,2024-08-09,23.5,2024,8
499,32,19,3,70.41,2024-06-29,211.23,2024,6
500,62,69,5,48.08,2024-04-21,240.4,2024,4
501,455,27,1,199.27,2024-12-05,199.27,2024,12
502,378,14,5,95.41,2024-08-24,477.05,2024,8
503,154,93,3,423.47,2024-06-06,1270.41,2024,6
504,161,31,5,119.81,2024-02-10,599.05,2024,2
505,351,82,2,378.23,2024-03-28,756.46,2024,3
506,499,92,4,250.0,2024-12-03,1000.0,2024,12
507,230,50,2,267.96,2024-05-11,535.92,2024,5
508,147,23,3,309.87,2024-05-11,929.61,2024,5
509,261,46,3,397.38,2024-05-14,1192.14,2024,5
510,422,55,3,291.13,2024-11-10,873.39,2024,11
511,168,74,3,127.75,2024-07-10,383.25,2024,7
512,368,22,2,315.56,2024-02-06,631.12,2024,2
513,35,81,1,437.82,2024-06-28,437.82,2024,6
514,299,87,1,282.68,2024-08-20,282.68,2024,8
515,206,6,3,432.98,2024-11-30,1298.94,2024,11
516,491,58,2,112.52,2024-08-28,225.04,2024,8
517,19,78,3,194.59,2024-08-27,583.77,2024,8
518,422,15,3,383.68,2024-03-28,1151.04,2024,3
519,16,39,3,399.88,2024-05-08,1199.64,2024,5
520,41,25,4,404.89,2024-03-14,1619.56,2024,3
521,149,97,3,147.62,2024-09-24,442.86,2024,9
522,470,52,5,316.79,2024-06-28,1583.95,2024,6
523,422,33,1,85.05,2024-11-25,85.05,2024,11
524,465,83,1,272.59,2024-06-23,272.59,2024,6
525,348,55,3,291.13,2024-03-16,873.39,2024,3
526,135,43,1,415.6,2024-10-15,415.6,2024,10
527,178,19,1,70.41,2024-09-03,70.41,2024,9
528,256,51,5,117.56,2024-01-23,587.8,2024,1
529,330,64,4,152.94,2024-08-07,611.76,2024,8
530,389,12,5,106.87,2024-07-28,534.35,2024,7
531,86,40,3,126.14,2024-07-11,378.42,2024,7
532,70,38,5,353.73,2024-05-07,1768.65,2024,5
533,356,72,4,321.77,2024-12-01,1287.08,2024,12
534,495,79,5,146.97,2024-08-30,734.85,2024,8
535,426,83,3,272.59,2024-05-10,817.77,2024,5
536,142,15,1,383.68,2024-04-30,383.68,2024,4
537,224,34,4,207.18,2024-11-28,828.72,2024,11
538,249,29,5,337.3,2024-10-06,1686.5,2024,10
539,225,19,1,70.41,2024-06-09,70.41,2024,6
540,303,51,5,117.56,2024-11-18,587.8,2024,11
541,30,2,1,248.4,2024-05-19,248.4,2024,5
542,139,91,1,5.29,2024-10-01,5.29,2024,10
543,371,98,5,408.32,2024-09-06,2041.6,2024,9
544,262,16,4,109.64,2024-07-24,438.56,2024,7
545,28,79,1,146.97,2024-11-24,146.97,2024,11
546,232,60,1,495.06,2024-09-12,495.06,2024,9
547,253,52,2,316.79,2024-05-27,633.58,2024,5
548,229,48,2,128.43,2024-09-03,256.86,2024,9
549,34,87,3,282.68,2024-06-08,848.04,2024,6
550,474,5,5,456.82,2024-02-02,2284.1,2024,2
551,151,84,2,170.79,2024-03-09,341.58,2024,3
552,216,66,5,290.43,2024-01-27,1452.15,2024,1
553,460,10,3,6.53,2024-02-02,19.59,2024,2
554,170,66,1,290.43,2024-03-21,290.43,2024,3
555,244,61,1,63.42,2024-09-24,63.42,2024,9
556,401,83,5,272.59,2024-02-23,1362.95,2024,2
557,381,15,2,383.68,2024-04-09,767.36,2024,4
558,166,65,1,268.06,2024-10-04,268.06,2024,10
559,351,21,1,375.43,2024-04-28,375.43,2024,4
560,63,37,5,480.72,2024-01-03,2403.6,2024,1
561,464,47,2,206.57,2024-08-01,413.14,2024,8
562,83,1,3,494.35,2024-07-20,1483.05,2024,7
563,320,8,4,170.92,2024-04-10,683.68,2024,4
564,486,91,5,5.29,2024-09-27,26.45,2024,9
565,88,57,3,403.58,2024-03-21,1210.74,2024,3
566,450,66,3,290.43,2024-07-16,871.29,2024,7
567,447,73,3,314.11,2024-08-03,942.33,2024,8
568,355,4,1,98.29,2024-11-04,98.29,2024,11
569,360,20,5,23.5,2024-01-22,117.5,2024,1
570,329,77,3,437.92,2024-05-22,1313.76,2024,5
571,80,18,5,391.67,2024-03-07,1958.35,2024,3
572,174,7,2,114.17,2024-11-19,228.34,2024,11
573,243,70,4,142.29,2024-03-11,569.16,2024,3
574,197,62,2,169.9,2024-04-20,339.8,2024,4
575,16,90,3,40.81,2024-04-10,122.43,2024,4
576,56,23,2,309.87,2024-05-25,619.74,2024,5
577,243,40,4,126.14,2024-12-07,504.56,2024,12
578,148,49,3,133.09,2024-04-11,399.27,2024,4
579,151,4,3,98.29,2024-03-13,294.87,2024,3
580,372,16,1,109.64,2024-01-28,109.64,2024,1
581,431,99,3,67.73,2024-01-01,203.19,2024,1
582,168,3,1,155.17,2024-07-19,155.17,2024,7
583,453,74,5,127.75,2024-02-09,638.75,2024,2
584,466,26,1,243.71,2024-04-29,243.71,2024,4
585,61,88,3,215.51,2024-08-08,646.53,2024,8
586,225,17,2,458.11,2024-01-10,916.22,2024,1
587,197,89,4,452.72,2024-05-28,1810.88,2024,5
588,476,5,4,456.82,2024-03-11,1827.28,2024,3
589,241,96,3,180.87,2024-11-26,542.61,2024,11
590,191,49,1,133.09,2024-07-11,133.09,2024,7
591,169,64,1,152.94,2024-01-26,152.94,2024,1
592,83,27,3,199.27,2024-12-25,597.81,2024,12
593,245,14,3,95.41,2024-07-02,286.23,2024,7
594,418,20,1,23.5,2024-01-25,23.5,2024,1
595,33,86,3,493.98,2024-12-26,1481.94,2024,12
596,2,28,4,342.42,2024-05-23,1369.68,2024,5
597,55,84,5,170.79,2024-04-26,853.95,2024,4
598,311,25,1,404.89,2024-06-26,404.89,2024,6
599,364,34,1,207.18,2024-12-29,207.18,2024,12
600,91,71,4,131.74,2024-01-17,526.96,2024,1
601,361,17,5,458.11,2024-03-12,2290.55,2024,3
602,192,13,1,260.34,2024-04-30,260.34,2024,4
603,500,28,2,342.42,2024-08-25,684.84,2024,8
604,496,75,5,57.49,2024-08-20,287.45,2024,8
605,194,40,4,126.14,2024-11-01,504.56,2024,11
606,307,39,4,399.88,2024-07-23,1599.52,2024,7
607,122,47,1,206.57,2024-11-16,206.57,2024,11
608,445,55,2,291.13,2024-10-08,582.26,2024,10
609,126,85,4,112.29,2024-12-03,449.16,2024,12
610,297,98,5,408.32,2024-06-09,2041.6,2024,6
611,52,19,4,70.41,2024-10-02,281.64,2024,10
612,474,71,3,131.74,2024-11-28,395.22,2024,11
613,271,1,5,494.35,2024-03-16,2471.75,2024,3
614,249,74,5,127.75,2024-07-07,638.75,2024,7
615,75,98,1,408.32,2024-10-17,408.32,2024,10
616,99,11,3,162.53,2024-06-14,487.59,2024,6
617,382,92,2,250.0,2024-08-30,500.0,2024,8
618,185,43,3,415.6,2024-01-08,1246.8,2024,1
619,206,59,2,459.75,2024-05-31,919.5,2024,5
620,79,4,2,98.29,2024-02-07,196.58,2024,2
621,452,69,1,48.08,2024-04-29,48.08,2024,4
622,453,100,5,51.01,2024-04-12,255.05,2024,4
623,234,48,3,128.43,2024-10-03,385.29,2024,10
624,43,5,1,456.82,2024-03-09,456.82,2024,3
625,486,51,2,117.56,2024-11-20,235.12,2024,11
626,18,99,1,67.73,2024-07-19,67.73,2024,7
627,199,81,1,437.82,2024-07-28,437.82,2024,7
628,275,28,3,342.42,2024-08-31,1027.26,2024,8
629,51,13,4,260.34,2024-01-02,1041.36,2024,1
630,341,85,3,112.29,2024-01-05,336.87,2024,1
631,418,62,2,169.9,2024-11-18,339.8,2024,11
632,461,93,5,423.47,2024-11-12,2117.35,2024,11
633,194,44,2,12.36,2024-03-28,24.72,2024,3
634,37,12,1,106.87,2024-02-22,106.87,2024,2
635,201,16,4,109.64,2024-08-03,438.56,2024,8
636,406,46,1,397.38,2024-09-25,397.38,2024,9
637,248,75,1,57.49,2024-03-31,57.49,2024,3
638,384,36,4,46.64,2024-10-11,186.56,2024,10
639,154,20,5,23.5,2024-11-19,117.5,2024,11
640,341,93,3,423.47,2024-08-11,1270.41,2024,8
641,26,5,1,456.82,2024-11-26,456.82,2024,11
642,23,87,3,282.68,2024-06-09,848.04,2024,6
643,185,56,3,499.44,2024-07-18,1498.32,2024,7
644,386,26,1,243.71,2024-02-19,243.71,2024,2
645,288,23,1,309.87,2024-09-22,309.87,2024,9
646,339,75,3,57.49,2024-03-04,172.47,2024,3
647,407,30,3,233.41,2024-08-02,700.23,2024,8
648,470,1,4,494.35,2024-03-25,1977.4,2024,3
649,5,69,5,48.08,2024-03-08,240.4,2024,3
650,303,47,1,206.57,2024-02-25,206.57,2024,2
651,160,17,3,458.11,2024-03-20,1374.33,2024,3
652,98,67,4,315.24,2024-09-24,1260.96,2024,9
653,27,13,4,260.34,2024-01-08,1041.36,2024,1
654,492,46,5,397.38,2024-03-16,1986.9,2024,3
655,174,98,5,408.32,2024-06-04,2041.6,2024,6
656,313,37,2,480.72,2024-10-14,961.44,2024,10
657,146,71,5,131.74,2024-12-11,658.7,2024,12
658,396,22,5,315.56,2024-06-05,1577.8,2024,6
659,110,67,3,315.24,2024-02-08,945.72,2024,2
660,70,55,5,291.13,2024-11-08,1455.65,2024,11
661,23,27,1,199.27,2024-06-14,199.27,2024,6
662,382,1,4,494.35,2024-05-05,1977.4,2024,5
663,86,75,3,57.49,2024-05-30,172.47,2024,5
664,374,26,1,243.71,2024-05-16,243.71,2024,5
665,41,8,5,170.92,2024-07-21,854.6,2024,7
666,177,12,4,106.87,2024-05-01,427.48,2024,5
667,180,87,3,282.68,2024-01-29,848.04,2024,1
668,19,42,3,220.34,2024-06-18,661.02,2024,6
669,295,76,5,253.57,2024-04-01,1267.85,2024,4
670,133,83,3,272.59,2024-01-28,817.77,2024,1
671,345,71,5,131.74,2024-01-29,658.7,2024,1
672,254,44,2,12.36,2024-01-28,24.72,2024,1
673,344,77,4,437.92,2024-04-21,1751.68,2024,4
674,124,36,5,46.64,2024-11-16,233.2,2024,11
675,425,19,3,70.41,2024-09-13,211.23,2024,9
676,428,10,3,6.53,2024-04-12,19.59,2024,4
677,237,71,2,131.74,2024-09-16,263.48,2024,9
678,432,47,3,206.57,2024-12-31,619.71,2024,12
679,85,69,1,48.08,2024-12-22,48.08,2024,12
680,17,3,5,155.17,2024-03-11,775.85,2024,3
681,216,93,1,423.47,2024-08-15,423.47,2024,8
682,11,92,5,250.0,2024-10-05,1250.0,2024,10
683,177,80,5,208.83,2024-06-25,1044.15,2024,6
684,43,81,1,437.82,2024-02-06,437.82,2024,2
685,217,67,5,315.24,2024-09-29,1576.2,2024,9
686,7,6,4,432.98,2024-09-09,1731.92,2024,9
687,283,29,1,337.3,2024-06-08,337.3,2024,6
688,144,85,2,112.29,2024-02-24,224.58,2024,2
689,96,75,2,57.49,2024-05-19,114.98,2024,5
690,67,63,2,93.84,2024-11-20,187.68,2024,11
691,198,30,5,233.41,2024-03-29,1167.05,2024,3
692,469,69,4,48.08,2024-04-07,192.32,2024,4
693,490,9,4,270.25,2024-04-09,1081.0,2024,4
694,156,80,2,208.83,2024-09-01,417.66,2024,9
695,22,100,1,51.01,2024-01-31,51.01,2024,1
696,13,6,4,432.98,2024-04-20,1731.92,2024,4
697,221,69,4,48.08,2024-07-22,192.32,2024,7
698,51,70,3,142.29,2024-02-10,426.87,2024,2
699,489,5,5,456.82,2024-08-12,2284.1,2024,8
700,252,99,2,67.73,2024-05-08,135.46,2024,5
701,479,92,3,250.0,2024-06-05,750.0,2024,6
702,268,90,4,40.81,2024-10-27,163.24,2024,10
703,96,59,3,459.75,2024-04-12,1379.25,2024,4
704,358,85,4,112.29,2024-06-09,449.16,2024,6
705,52,91,5,5.29,2024-12-22,26.45,2024,12
706,161,13,5,260.34,2024-01-25,1301.7,2024,1
707,32,13,1,260.34,2024-07-27,260.34,2024,7
708,251,22,5,315.56,2024-07-18,1577.8,2024,7
709,91,98,1,408.32,2024-02-01,408.32,2024,2
710,97,30,2,233.41,2024-05-28,466.82,2024,5
711,198,58,4,112.52,2024-07-29,450.08,2024,7
712,17,60,4,495.06,2024-05-27,1980.24,2024,5
713,145,6,4,432.98,2024-03-31,1731.92,2024,3
714,337,20,5,23.5,2024-11-16,117.5,2024,11
715,286,7,2,114.17,2024-12-22,228.34,2024,12
716,139,97,3,147.62,2024-09-11,442.86,2024,9
717,379,12,4,106.87,2024-09-08,427.48,2024,9
718,266,59,5,459.75,2024-08-17,2298